caries	anciano	pan	queso	ataud	helado	chocolate	barco	sexo	capa	edad
1	1	1	1	1	1	0	0	1	0	9449
1	1	1	1	0	0	0	0	1	0	8084
1	1	1	0	1	0	0	0	0	0	8497
1	1	1	1	1	0	1	0	0	1	9507
1	0	1	0	0	0	0	0	1	0	1760
1	1	1	0	1	1	1	0	0	0	8958
1	1	0	0	1	0	0	0	0	0	8256
1	0	1	0	1	0	0	0	1	1	6247
1	1	1	0	0	0	1	0	0	0	8774
1	1	1	0	1	0	1	0	0	1	7941
1	0	1	0	0	1	0	0	1	1	5739
1	0	0	1	0	0	0	0	0	1	5096
1	0	1	1	1	1	0	0	1	1	3741
1	0	0	0	1	1	1	0	1	1	6966
1	1	0	0	0	0	1	0	1	1	8395
1	0	1	0	1	0	0	0	0	1	6136
1	0	0	0	0	0	0	0	0	0	4948
1	1	1	1	0	0	1	0	0	1	8368
1	0	1	1	0	0	0	0	0	0	3644
1	1	1	1	0	1	1	0	1	0	9570
1	0	1	1	1	0	1	0	1	1	3963
1	1	0	0	1	1	0	0	0	0	8515
1	0	1	1	0	1	0	0	0	1	1060
1	0	0	1	1	1	0	0	0	1	1165
1	0	0	0	0	1	0	0	0	1	6292
1	1	0	0	0	1	0	0	1	1	8116
1	0	1	1	0	0	0	0	1	1	6997
1	1	1	1	0	1	0	0	1	0	7003
1	1	1	1	1	0	0	0	1	1	9753
1	0	1	0	1	0	1	0	0	1	2308
1	1	1	0	1	0	1	0	0	1	9047
1	0	0	0	0	0	0	0	0	1	1369
1	0	1	0	1	1	1	0	1	1	2051
1	1	0	1	1	1	0	0	0	0	9962
1	1	1	0	1	1	0	0	1	0	7216
1	0	1	0	0	1	0	0	1	1	204
1	0	0	0	0	0	0	0	0	0	449
1	1	1	1	1	1	0	0	0	0	7875
1	1	1	0	0	0	0	0	1	1	8992
1	1	0	0	1	1	0	0	1	0	8678
1	1	1	1	0	0	1	0	1	1	9183
1	0	1	1	1	1	0	0	1	0	3723
1	0	1	0	1	0	1	0	1	1	4324
1	1	1	1	1	0	0	0	1	0	9536
1	0	0	0	0	0	1	0	0	1	6686
1	0	1	0	1	0	0	0	0	0	5025
1	1	0	0	1	0	0	0	1	1	9167
1	0	0	0	1	0	1	0	0	0	5304
1	1	1	0	0	1	1	0	0	1	7347
1	0	1	1	1	0	1	1	0	0	3375
1	1	0	1	1	1	1	0	1	0	8348
1	1	1	0	1	0	0	0	1	1	7767
1	0	0	0	0	0	0	1	0	1	1557
1	1	1	0	0	0	1	0	0	1	9525
1	0	1	1	0	0	0	0	1	0	3273
1	0	1	1	1	0	1	0	1	1	5778
1	0	1	1	0	0	0	0	0	0	2050
1	0	1	1	0	1	1	1	1	1	4949
1	0	1	1	1	1	0	1	1	1	5079
1	1	1	1	1	0	1	0	0	0	8703
1	0	1	0	1	1	1	1	1	0	6165
1	1	1	1	0	0	1	0	1	0	8655
1	0	1	0	0	0	0	0	0	1	5246
1	0	1	1	0	0	0	1	0	0	3437
1	1	1	1	1	1	1	0	0	0	9357
1	0	1	0	1	0	0	0	0	1	2498
1	1	0	0	0	0	0	0	0	1	8574
1	1	0	1	1	1	1	0	0	1	7958
1	0	1	1	1	0	0	0	0	0	2987
1	0	1	1	1	0	1	1	0	0	537
1	1	1	1	0	1	0	0	1	1	7448
1	0	0	0	0	0	0	1	1	1	515
1	0	1	1	1	1	1	1	0	0	691
1	1	0	0	0	1	0	0	0	1	9814
1	0	0	0	1	0	0	1	1	1	1389
1	1	1	1	0	1	1	0	1	1	9259
1	0	1	0	1	1	0	1	1	1	6975
1	0	1	0	1	1	1	1	1	1	2540
1	0	1	0	1	1	0	1	0	1	1532
1	0	1	1	1	0	1	0	0	1	3191
1	0	1	1	1	1	0	1	1	1	4987
1	1	1	0	1	1	1	0	1	0	9550
1	0	1	1	1	0	1	1	1	0	4211
1	0	1	1	0	1	1	0	0	1	3644
1	1	0	0	0	0	1	0	1	0	7156
1	0	0	1	0	1	1	0	0	1	3205
1	0	1	0	0	1	0	1	1	0	6038
1	1	0	0	1	0	0	0	1	1	7425
1	0	0	0	1	0	0	1	0	1	917
1	1	1	0	0	1	0	0	0	0	7307
1	0	0	0	1	1	1	1	1	1	2123
1	1	1	0	1	1	1	0	1	1	9289
1	1	1	1	0	1	0	0	1	1	7906
1	1	0	0	0	0	1	0	0	0	9174
1	0	0	0	0	0	1	0	1	0	6448
1	0	0	0	1	1	1	1	1	1	6827
1	1	1	1	1	0	0	0	1	1	9947
1	0	1	1	1	0	1	1	0	1	5421
1	0	1	1	1	0	1	1	0	1	4818
1	1	0	1	0	1	0	0	1	1	7887
1	0	1	1	1	1	1	0	1	1	912
1	1	1	1	0	1	0	0	0	1	7887
1	1	1	1	0	1	1	0	1	1	9958
1	1	1	1	0	1	0	0	0	1	7992
1	0	0	1	1	0	0	1	1	1	1120
1	0	0	0	1	1	1	1	1	0	2795
1	0	1	1	0	1	1	0	0	1	758
1	1	0	0	1	0	1	0	0	1	9708
1	1	0	0	0	1	0	0	0	0	8186
1	1	1	1	1	0	1	0	0	1	7663
1	1	1	1	1	1	1	0	1	0	9383
1	0	0	0	1	1	0	0	1	1	5740
1	1	1	0	1	1	1	0	1	1	7301
1	1	1	1	1	0	1	0	1	1	7970
1	0	1	1	0	1	1	1	1	0	3795
1	0	1	1	0	0	0	1	0	1	5861
1	1	1	1	0	0	0	0	1	1	7854
1	1	1	1	0	1	0	0	0	1	9617
1	0	1	0	0	1	1	1	1	0	39
1	1	0	0	0	0	0	0	1	0	8911
1	0	0	0	1	0	1	1	0	0	6175
1	0	1	1	0	1	1	1	1	1	2954
1	1	1	1	1	1	1	0	0	1	8609
1	0	1	0	1	1	1	1	0	1	2350
1	0	0	0	0	0	0	0	0	0	5027
1	1	0	0	1	0	0	0	0	0	7448
1	1	1	1	1	1	1	0	0	1	8274
1	0	1	0	1	0	0	1	1	1	3783
1	0	1	1	0	0	1	1	0	1	4718
1	0	0	0	1	1	0	1	1	1	5759
1	1	0	0	0	0	1	0	1	1	8050
1	0	1	0	0	1	1	0	0	0	2187
1	0	1	1	0	0	0	0	1	0	2417
1	0	1	1	0	0	0	0	1	1	495
1	0	0	0	1	0	1	1	0	1	3027
1	1	1	0	1	1	0	0	0	0	8816
1	1	0	1	1	0	1	0	1	1	9045
1	1	1	1	0	0	1	0	0	1	7336
1	0	1	1	0	1	0	1	0	0	5409
1	1	1	1	0	0	0	0	0	0	8535
1	0	1	1	0	0	1	1	1	0	5751
1	1	1	0	1	0	0	0	0	0	8014
1	1	1	1	0	0	1	0	0	0	8144
1	1	1	1	0	1	0	0	1	1	8396
1	1	1	1	1	1	1	0	1	0	8324
1	1	0	0	1	1	0	0	1	1	7901
1	1	1	1	0	0	0	0	1	0	8926
1	1	0	0	0	0	1	0	0	1	7351
1	1	0	0	0	1	0	0	0	1	7435
1	1	1	1	1	1	1	0	0	0	9772
1	1	1	1	1	0	0	0	1	1	8909
1	1	1	0	0	1	1	0	0	0	8817
1	0	1	1	0	0	0	1	1	1	3928
1	0	0	0	1	1	0	1	0	1	1301
1	0	0	1	1	1	1	1	1	1	4005
1	1	1	1	1	1	1	0	0	0	8474
1	0	0	0	1	0	0	1	0	1	1587
1	0	1	1	1	0	1	0	1	0	2269
1	0	1	1	1	0	0	1	0	1	301
1	0	1	0	1	1	0	1	1	1	6424
1	0	1	1	1	0	1	0	1	1	5815
1	1	1	1	1	1	0	0	1	0	7978
1	1	1	0	0	0	1	0	0	0	8295
1	1	0	0	0	0	1	0	1	1	9289
1	1	0	0	1	1	1	0	1	1	9497
1	0	1	1	1	0	1	0	1	0	6532
1	1	0	0	1	1	0	0	1	0	8996
1	0	1	0	1	1	1	1	1	0	1449
1	0	1	1	0	1	1	1	0	1	3804
1	1	1	1	0	0	0	0	1	0	9130
1	1	0	0	1	1	0	0	1	1	7665
1	1	0	0	0	0	0	0	0	0	7238
1	0	0	0	0	0	0	1	1	1	2389
1	0	1	1	1	0	1	1	0	0	5904
1	0	1	1	0	0	0	0	0	1	1513
1	1	1	1	0	0	0	0	0	0	7417
1	1	1	1	0	0	1	0	0	1	8401
1	1	1	0	0	0	1	0	0	0	8091
1	1	1	0	0	1	0	0	0	1	7451
1	1	1	1	1	0	0	0	1	0	9616
1	1	1	0	1	0	0	0	1	0	9743
1	0	1	1	1	0	1	1	0	1	5325
1	0	0	1	1	1	0	1	0	1	4380
1	0	1	0	0	1	0	1	1	1	2780
1	1	1	1	1	0	1	0	1	1	7325
1	1	1	1	0	1	1	0	0	0	7996
1	0	1	0	0	0	1	1	1	0	6968
1	0	1	1	1	1	0	1	0	1	2157
1	1	0	0	1	1	1	0	1	0	9021
1	0	1	0	0	1	1	0	1	0	4362
1	1	1	1	1	1	1	0	0	1	9978
1	1	1	1	0	0	1	0	1	1	9873
1	1	1	1	1	0	1	0	1	0	9212
1	1	0	0	0	0	1	0	0	1	8258
1	0	1	1	0	0	0	1	1	0	2219
1	1	1	1	0	1	0	0	1	0	7573
1	0	1	1	1	1	1	1	0	1	764
1	0	1	1	0	1	0	0	0	1	4015
1	1	1	0	1	0	1	0	0	1	9923
1	1	1	1	1	0	0	0	0	0	7258
1	1	1	1	0	1	0	0	1	1	7211
1	1	1	0	1	1	1	0	0	0	7120
1	0	1	0	0	1	0	1	0	0	6055
1	1	1	1	0	1	1	0	0	0	9304
1	1	0	0	1	0	0	0	0	0	8792
1	1	1	0	0	0	0	0	0	0	7531
1	1	1	0	0	1	0	0	1	0	9059
1	1	1	0	1	1	1	0	0	0	7717
1	1	1	1	1	0	1	0	0	0	7371
1	0	1	1	0	0	0	0	0	0	1728
1	1	0	1	0	0	0	0	1	0	8410
1	1	1	1	0	0	0	0	1	1	7742
1	1	1	1	0	0	1	0	0	1	9710
1	1	0	1	0	0	0	0	0	0	9950
1	0	1	1	0	0	1	0	1	0	4096
1	0	1	1	1	1	1	0	0	1	4651
1	0	1	1	0	1	1	0	0	1	3340
1	0	1	1	1	0	0	0	0	0	3707
1	0	1	1	0	1	1	1	0	0	844
1	1	1	0	0	1	0	0	0	1	8800
1	1	0	0	0	0	0	0	1	0	8750
1	1	1	1	0	1	0	0	1	1	8724
1	0	1	1	1	1	1	0	0	0	1198
1	1	1	1	1	0	0	0	1	1	7307
1	0	1	1	1	1	1	1	0	0	805
1	1	1	1	1	0	1	0	0	0	9123
1	0	1	1	1	0	1	1	0	1	288
1	0	0	0	0	1	0	1	1	1	2352
1	1	1	0	0	0	0	0	0	0	8042
1	0	0	0	1	1	1	1	0	1	5163
1	1	0	0	1	1	0	0	0	1	8872
1	1	1	1	0	0	1	0	1	0	9750
1	1	1	0	0	0	1	0	0	0	9162
1	0	1	1	0	1	1	0	0	1	5523
1	1	0	0	0	1	0	0	1	0	7615
1	0	1	1	0	0	0	1	0	0	6694
1	0	1	1	1	1	0	1	1	0	5862
1	0	1	1	1	0	1	1	0	1	4333
1	1	1	1	1	0	0	0	1	1	7863
1	0	1	1	0	0	0	0	1	0	3029
1	0	0	1	0	1	1	1	0	1	645
1	1	1	1	0	1	0	0	1	1	8953
1	1	0	0	1	1	1	0	1	1	9903
1	0	0	0	0	1	1	1	0	0	5647
1	0	0	0	1	0	1	1	1	1	5571
1	1	1	0	1	1	1	0	1	1	8305
1	0	1	1	0	1	0	0	1	1	4330
1	1	1	1	1	0	1	0	0	0	7545
1	1	1	1	1	0	0	0	0	0	9647
1	1	0	0	0	0	1	0	1	1	7549
1	0	0	0	1	1	0	1	0	0	5129
1	1	0	0	0	1	1	0	0	0	7701
1	1	0	0	0	1	1	0	0	1	9162
1	1	0	0	1	1	0	0	1	0	7501
1	1	1	1	1	1	0	0	0	0	7646
1	0	1	1	1	1	0	0	1	0	4304
1	1	1	1	0	0	1	0	0	0	9472
1	0	1	0	0	0	1	1	0	0	2820
1	1	0	0	1	1	0	0	0	0	8048
1	1	1	0	0	0	1	0	0	1	7273
1	0	0	0	0	0	0	1	1	1	6733
1	0	0	1	1	0	1	1	1	1	6591
1	1	1	0	1	1	1	0	1	1	9573
1	1	1	1	1	0	1	0	0	1	9693
1	1	1	1	0	1	0	0	0	1	8189
1	1	1	1	0	0	1	0	1	1	7838
1	0	1	1	0	1	0	0	1	0	2981
1	0	1	1	1	0	1	1	1	0	6159
1	0	1	1	0	1	0	1	1	0	6557
1	1	0	0	0	1	0	1	1	1	7479
1	1	1	1	0	0	1	0	0	1	8866
1	1	1	1	1	1	0	0	0	1	7311
1	1	1	0	1	1	0	1	0	0	9333
1	1	0	0	0	1	1	1	1	0	7083
1	1	0	0	0	1	0	0	0	0	9234
1	1	1	1	0	1	1	0	0	1	9213
1	0	1	0	0	0	0	1	0	1	1402
1	1	0	0	1	0	0	1	0	1	9958
1	0	1	1	1	0	1	1	0	1	6410
1	1	1	0	1	1	1	1	0	1	9672
1	0	1	1	0	0	1	1	0	1	4331
1	1	1	1	1	0	0	0	0	1	8405
1	1	1	0	0	0	1	0	0	0	8030
1	0	1	1	0	1	1	1	0	0	2747
1	1	1	1	0	1	0	0	0	0	8583
1	0	0	1	0	1	0	1	0	0	6449
1	0	0	0	1	0	0	1	1	1	2227
1	1	0	0	0	0	1	1	1	1	9091
1	1	1	1	0	1	1	0	0	1	8567
1	1	1	0	1	1	0	1	0	1	9087
1	0	1	1	1	0	0	1	0	0	6334
1	0	1	1	0	1	0	1	1	0	3634
1	1	1	0	0	0	0	1	0	1	8440
1	1	1	0	0	0	1	1	0	0	9476
1	1	0	0	0	1	1	0	0	1	8623
1	1	1	1	0	0	1	1	1	1	9533
1	1	1	1	0	1	1	0	1	0	9936
1	1	0	0	0	0	1	0	0	1	9302
1	0	1	1	0	1	0	0	1	0	3901
1	0	1	1	1	0	1	1	0	0	2152
1	1	0	0	1	0	1	1	0	1	8881
1	1	1	1	0	1	0	0	1	1	8523
1	1	1	0	1	1	0	0	1	0	7120
1	1	0	0	0	0	0	0	1	1	8225
1	1	0	0	1	1	1	0	0	1	8829
1	1	0	1	0	1	1	0	1	0	9624
1	0	1	0	0	0	1	0	1	1	5298
1	1	1	1	0	0	1	1	0	1	8310
1	1	1	0	1	1	0	1	0	0	8391
1	1	0	0	1	1	1	1	1	0	7364
1	1	1	1	1	0	0	1	1	1	8433
1	0	1	1	1	1	0	0	1	1	2594
1	0	0	0	1	1	1	1	0	1	792
1	1	0	0	0	0	1	0	0	1	9748
1	1	1	1	0	0	0	1	0	1	8432
1	1	1	1	1	0	0	1	0	1	9052
1	0	1	1	1	0	1	0	1	0	168
1	1	1	1	0	0	1	1	0	0	8332
1	1	0	0	0	0	0	1	1	0	9656
1	1	1	1	0	1	0	0	1	0	8083
1	0	1	0	0	1	1	1	0	0	97
1	0	0	0	1	1	1	1	1	0	4052
1	1	1	1	0	0	0	0	1	1	9632
1	0	0	1	1	0	0	0	1	0	2828
1	1	1	1	0	1	0	0	1	0	9870
1	0	0	0	1	0	1	1	0	1	3424
0	0	0	0	0	1	0	1	1	1	5452
0	1	0	0	1	1	1	0	0	0	9714
0	0	1	0	0	0	0	1	0	0	454
0	0	0	0	1	1	0	1	0	1	5810
0	0	1	1	1	0	1	1	1	0	5964
0	0	1	1	1	0	1	1	1	0	3855
0	0	1	0	1	0	0	1	1	1	5075
0	0	0	1	1	1	1	1	1	0	791
0	1	1	1	1	0	0	0	0	0	9292
0	0	1	0	0	1	1	1	0	1	5852
0	0	1	0	0	1	0	1	0	1	6986
0	0	0	0	1	0	0	1	1	1	3420
0	0	1	0	1	0	0	1	1	0	2987
0	0	0	0	1	1	1	1	0	0	6291
0	0	1	0	1	1	1	1	1	1	376
0	0	0	0	1	1	0	1	0	0	1869
0	1	1	1	1	1	0	0	1	1	9544
0	1	1	1	1	1	1	0	0	1	7173
0	1	0	0	0	0	1	0	0	0	7352
0	0	0	0	0	0	1	1	0	0	5917
0	0	0	0	0	1	1	1	1	1	1348
0	1	1	0	1	0	1	0	1	1	8348
0	0	1	1	1	0	0	1	1	1	171
0	0	1	0	1	0	1	1	0	0	1064
0	1	0	0	1	1	0	0	0	1	9544
0	0	1	0	1	0	0	1	0	1	5448
0	0	0	0	0	0	1	1	1	1	2900
0	0	1	0	0	0	1	1	0	1	1590
0	1	1	0	1	1	1	0	0	0	7302
0	0	0	0	0	0	1	1	1	0	3472
0	0	0	0	1	0	0	1	0	1	5089
0	0	1	0	1	1	1	1	1	0	2553
0	0	1	1	0	0	0	1	1	0	6561
0	1	0	0	0	0	1	0	1	1	9839
0	1	0	0	1	1	0	0	0	0	9210
0	0	0	0	1	0	0	1	0	0	4951
0	0	1	1	1	1	0	1	0	0	2353
0	0	0	0	0	1	1	1	1	1	6289
0	0	1	1	0	0	0	1	0	1	1485
0	0	0	0	1	0	0	1	0	1	1407
0	0	1	0	0	1	1	1	0	0	1589
0	1	0	0	0	0	0	0	0	0	8420
0	0	0	0	0	1	1	1	1	0	3887
0	0	1	0	0	0	0	1	0	0	3321
0	1	0	0	1	1	1	0	1	1	8810
0	0	1	1	1	0	1	1	1	0	115
0	0	1	1	1	1	1	1	0	1	6714
0	0	0	1	1	0	0	1	1	1	1669
0	0	1	1	1	0	1	1	0	1	776
0	1	1	0	1	1	0	0	1	1	7653
0	0	1	0	0	1	0	1	1	1	5644
0	0	0	0	1	1	0	1	0	1	5313
0	1	1	0	0	1	0	0	1	1	9354
0	0	1	0	0	0	0	1	0	0	5249
0	0	1	1	1	0	1	1	0	1	6964
0	0	1	0	0	0	0	1	1	0	1436
0	0	1	0	1	0	0	1	0	1	308
0	0	0	1	1	1	0	1	0	0	1001
0	1	0	0	1	1	1	0	1	0	9062
0	0	1	1	1	0	1	1	1	1	3423
0	1	1	0	1	1	1	0	0	0	8111
0	0	0	0	0	0	0	1	0	0	2447
0	0	1	1	1	1	0	1	0	1	469
0	1	1	0	0	1	1	0	1	0	9001
0	0	0	0	1	1	0	1	0	1	6523
0	1	1	0	1	1	1	0	1	0	8663
0	0	1	0	1	0	1	1	0	1	4957
0	1	0	0	0	1	0	0	1	0	7402
0	0	0	0	1	1	0	1	1	0	5522
0	0	1	1	0	1	1	1	0	1	6119
0	1	1	1	1	0	1	0	1	0	8214
0	0	0	0	0	1	0	1	0	1	6627
0	0	1	0	1	1	1	1	1	0	5721
0	1	0	0	1	1	1	0	1	1	9298
0	0	0	0	0	0	1	1	0	0	5835
0	0	1	1	0	0	0	1	0	1	6717
0	0	1	1	1	1	1	1	0	1	3973
0	0	0	0	0	0	1	1	0	1	5677
0	0	1	0	1	1	1	1	1	1	1008
0	0	1	1	0	1	0	1	1	0	4461
0	1	1	0	1	0	1	0	0	1	8401
0	0	1	1	1	0	0	1	1	0	5534
0	0	1	0	0	0	1	1	0	1	4226
0	0	0	0	1	0	1	1	1	1	3709
0	0	0	0	1	1	0	1	1	0	951
0	1	0	1	1	1	1	0	1	1	8340
0	0	0	0	0	1	1	1	1	0	5742
0	0	1	0	0	1	0	1	0	0	3128
0	0	1	1	1	0	1	1	1	0	4748
0	0	0	0	1	1	0	1	0	0	391
0	0	0	0	1	0	1	1	1	1	420
0	0	1	0	1	0	1	1	0	1	847
0	1	1	1	1	1	1	0	0	1	9183
0	0	0	0	0	0	1	1	0	1	360
0	1	1	0	0	1	1	0	0	1	7870
0	1	1	0	0	1	0	0	0	0	9894
0	0	1	0	1	1	1	1	0	1	4575
0	0	0	0	0	0	1	1	1	0	1615
0	1	1	0	1	0	0	0	0	1	7687
0	0	0	0	0	1	1	1	1	1	4825
0	1	0	0	1	0	1	0	0	0	8382
0	1	0	0	1	1	0	0	1	1	9582
0	0	0	0	0	1	0	1	1	1	136
0	0	1	1	1	0	0	1	1	0	6415
0	0	0	1	0	1	1	1	1	1	1786
0	0	0	0	0	0	1	1	0	1	1344
0	0	1	1	0	0	0	1	1	0	1246
0	1	1	0	0	1	0	0	1	1	9103
0	0	0	0	0	0	1	1	0	1	3362
0	0	1	1	1	1	0	1	1	0	1610
0	1	1	0	1	0	0	0	0	0	8785
0	0	1	0	1	0	0	1	1	1	69
0	0	0	0	1	1	0	1	1	1	2517
0	0	0	0	0	1	1	1	1	0	2294
0	0	1	1	0	0	1	1	0	1	4016
0	0	0	0	0	0	1	1	0	0	2099
0	0	0	0	1	0	1	1	0	0	375
0	1	0	0	1	1	1	0	0	1	9218
0	0	1	0	0	1	1	1	0	1	6614
0	1	1	0	1	0	1	0	1	1	8183
0	0	0	0	1	0	0	1	0	1	6561
0	0	1	0	1	1	1	1	1	0	2483
0	0	1	0	0	0	0	1	0	1	5499
0	0	1	0	0	1	0	1	0	1	4742
0	1	1	1	0	1	0	0	0	1	9670
0	0	0	0	0	1	1	1	0	1	2006
0	0	1	0	1	0	0	1	0	1	2884
0	0	0	0	1	0	0	1	1	1	2209
0	1	0	0	1	1	0	0	1	0	8394
0	0	1	0	0	1	1	1	1	0	5027
0	1	1	0	0	0	0	0	0	1	8120
0	1	0	0	0	0	1	0	1	0	7381
0	1	0	0	1	0	1	0	1	1	7414
0	1	0	0	0	1	0	0	0	0	9250
0	0	1	1	1	0	1	1	0	0	6979
0	1	1	0	0	1	0	0	1	1	9386
0	1	1	0	0	1	0	0	1	1	8720
0	0	1	1	1	0	0	1	1	0	3871
0	0	1	0	1	1	0	1	1	1	2565
0	0	0	0	1	0	1	1	1	0	4269
0	1	1	0	1	1	1	0	0	0	7043
0	0	1	1	1	1	1	1	1	1	220
0	1	1	0	1	0	1	0	1	1	7967
0	0	0	0	1	1	0	1	1	1	1639
0	0	1	0	0	1	1	1	1	1	3636
0	0	1	1	1	0	1	1	1	1	1434
0	0	1	1	1	1	0	1	1	1	2016
0	0	1	0	1	0	1	1	0	0	6770
0	0	1	0	1	0	1	1	1	1	6966
0	1	0	0	0	1	0	0	1	1	9419
0	0	1	0	1	1	1	1	0	1	733
0	0	1	0	0	0	0	1	0	0	6043
0	0	1	0	0	0	0	1	1	0	2854
0	1	0	0	1	1	1	0	1	1	7956
0	0	0	0	1	1	0	1	0	0	741
0	0	0	1	1	1	1	1	0	0	6533
0	0	1	0	0	1	1	1	0	1	4000
0	0	0	0	0	0	0	1	1	0	1872
0	0	1	0	0	0	0	1	0	1	3107
0	0	0	0	0	0	1	1	0	0	5001
0	1	0	0	0	1	0	0	1	1	9484
0	0	1	1	0	0	1	1	1	1	2083
0	0	1	1	1	1	0	1	1	1	2552
0	1	1	0	1	0	0	0	1	0	8688
0	1	0	0	1	0	1	0	0	0	8339
0	0	0	0	0	0	1	1	1	0	1210
0	1	0	0	1	0	1	0	0	1	8761
0	0	1	1	0	1	1	1	1	1	2025
0	0	0	0	1	1	0	1	0	0	5273
0	0	0	0	1	1	0	1	0	0	5371
0	0	1	1	1	0	0	1	0	0	599
0	0	1	0	1	0	0	1	1	0	6422
0	1	0	0	1	1	0	0	0	1	9904
0	0	1	0	0	1	1	1	0	0	2468
0	1	0	0	1	1	0	0	1	1	9461
0	1	1	0	1	1	0	0	0	1	7125
0	1	0	0	0	1	1	0	0	1	9955
0	0	1	1	1	0	1	1	1	0	2217
0	0	1	1	1	0	0	1	0	0	5135
0	0	0	0	0	1	0	1	0	1	128
0	1	0	0	0	1	0	0	1	0	9832
0	0	1	0	0	1	1	1	0	0	2630
0	0	0	0	0	0	0	1	0	1	6911
0	1	1	0	0	0	1	0	0	1	8801
0	0	1	0	0	1	0	1	0	1	6034
0	0	0	0	1	0	0	1	0	1	351
0	0	1	1	1	1	1	0	0	1	1380
0	1	0	0	1	1	0	0	0	0	7204
0	1	0	0	0	1	0	0	1	0	8580
0	0	0	0	1	1	1	0	0	0	2236
0	0	0	0	0	1	1	0	0	1	3820
0	0	0	0	1	0	0	0	1	0	76
0	1	0	0	0	0	0	0	0	0	7680
0	0	1	0	1	1	1	0	1	1	2698
0	0	1	1	0	1	0	0	0	1	2732
0	0	0	0	1	0	0	0	1	0	6133
0	1	1	0	1	1	0	0	1	0	7134
0	0	0	0	0	1	0	0	1	1	3869
0	0	0	0	0	1	0	0	0	0	5805
0	0	1	0	0	1	1	1	1	1	693
0	1	1	0	0	1	1	0	0	1	8648
0	0	1	0	1	1	0	0	0	1	3336
0	0	0	0	0	0	0	0	1	1	2454
0	0	1	1	1	1	1	0	1	1	5266
0	0	0	0	0	1	0	0	0	0	4441
0	0	1	0	0	0	1	0	1	1	898
0	1	1	0	0	0	0	0	1	1	9355
0	0	0	0	1	1	1	0	1	0	3515
0	0	1	0	1	0	0	0	1	1	4239
0	0	0	0	0	0	0	0	0	1	1364
0	0	0	0	0	1	1	0	1	0	5934
0	0	1	1	0	1	1	0	1	1	2880
0	1	1	0	1	0	1	0	0	0	8880
0	1	0	0	0	0	1	0	0	0	9359
0	0	1	0	0	0	0	1	0	1	5973
0	0	0	1	1	0	1	0	0	1	193
0	0	1	1	0	1	0	0	1	0	4636
0	0	1	0	1	0	0	0	1	1	4310
0	0	1	1	1	0	1	0	1	1	434
0	0	0	0	0	0	1	0	0	0	794
0	1	0	0	0	0	1	0	0	1	9135
0	0	1	1	1	0	0	0	0	0	6983
0	0	0	0	0	1	0	0	1	1	4507
0	1	1	1	0	0	1	0	0	0	9781
0	1	0	0	1	0	1	0	1	1	7773
0	0	1	0	0	0	0	0	0	0	2646
0	0	1	1	0	0	1	0	0	1	6177
0	0	1	0	1	1	0	0	0	1	342
0	0	1	0	1	1	1	0	1	0	2444
0	0	1	1	0	1	1	0	1	0	1084
0	0	0	0	1	0	0	0	1	0	697
0	0	1	1	0	1	0	0	0	0	4117
0	0	1	1	0	1	0	0	1	1	3319
0	0	1	1	1	0	0	0	0	0	4405
0	0	1	1	0	1	1	0	1	1	4031
0	0	1	0	0	1	0	1	1	1	5132
0	0	1	1	0	1	0	0	0	1	3334
0	0	1	0	0	1	1	0	1	0	1509
0	1	1	0	0	0	1	0	0	0	8964
0	0	1	1	0	0	1	0	0	1	6566
0	1	0	0	0	1	1	0	1	0	9310
0	1	0	0	0	1	1	0	0	0	8149
0	0	0	0	0	1	1	0	1	1	6456
0	1	1	0	0	1	1	0	0	1	9021
0	0	0	0	0	1	0	0	0	1	3303
0	0	1	1	1	1	1	0	0	0	5903
0	0	1	1	1	0	0	0	1	0	6957
0	1	0	0	1	0	1	0	0	0	7696
0	0	1	0	1	0	0	0	0	1	820
0	1	0	0	0	1	0	0	0	1	9790
0	1	0	0	0	1	0	0	0	0	8848
0	0	1	0	1	0	0	0	1	0	1429
0	1	1	0	1	1	1	0	1	1	9238
0	1	0	0	1	1	1	0	0	0	7153
0	0	0	0	0	1	0	0	1	1	3931
0	0	0	0	0	1	1	0	0	0	662
0	0	1	0	0	1	1	1	1	0	130
0	1	0	0	1	0	1	0	0	0	8333
0	0	1	0	0	0	1	1	1	1	2024
0	0	1	1	0	0	0	1	0	0	6286
0	0	1	1	0	1	0	0	1	0	2784
0	0	1	0	1	1	0	0	1	0	6000
0	0	0	0	0	0	1	0	0	1	4918
0	0	0	0	0	0	1	1	0	1	3798
0	0	0	0	0	0	0	0	0	1	1315
0	0	1	0	1	1	1	0	0	1	3706
0	0	1	0	0	1	1	1	0	0	815
0	0	1	1	0	1	0	0	0	1	6207
0	0	1	1	1	0	0	0	1	1	1349
0	1	0	0	1	1	1	0	1	1	8453
0	0	0	1	1	0	0	0	0	1	5220
0	0	0	0	0	1	0	1	0	1	2827
0	0	0	0	1	1	0	0	1	1	1904
0	0	1	0	0	0	1	0	0	1	5969
0	0	1	1	1	1	1	0	1	1	2302
0	1	1	0	1	0	1	0	1	1	7188
0	0	1	0	1	0	0	0	0	0	4234
0	0	1	1	0	1	1	0	1	1	366
0	0	1	0	0	1	1	0	1	1	2231
0	0	1	1	1	0	1	0	0	0	4035
0	1	1	0	1	1	1	0	0	1	9762
0	1	0	0	0	1	0	0	0	1	9092
0	1	0	0	0	1	1	0	1	1	8059
0	1	1	1	1	1	1	0	1	1	9585
0	0	1	0	1	0	0	0	0	1	5919
0	0	0	0	0	0	0	0	1	1	287
0	1	1	0	1	0	1	0	0	1	8986
0	0	0	0	0	1	0	1	0	1	2897
0	0	1	0	0	0	1	1	0	0	3407
0	1	1	0	1	1	1	0	1	0	8730
0	1	0	0	0	1	1	0	0	1	8527
0	0	1	0	1	0	0	0	1	0	626
0	0	0	0	0	1	1	0	1	0	1501
0	0	0	0	1	1	0	0	1	1	3881
0	0	0	0	1	0	1	0	1	0	4746
0	0	0	0	1	0	1	0	0	0	1820
0	0	1	0	1	0	0	0	1	1	1685
0	0	1	0	0	0	0	1	0	1	1930
0	1	1	1	1	1	0	0	0	0	8246
0	0	1	1	1	1	0	0	0	0	2486
0	0	1	0	0	0	0	0	1	0	5320
0	1	1	0	1	1	0	0	1	0	7140
0	0	0	0	0	1	1	0	0	1	2655
0	0	0	0	0	0	0	0	0	1	3422
0	1	1	0	1	0	0	0	1	1	7291
0	0	0	0	0	1	0	0	0	1	3289
0	0	0	0	1	0	1	0	0	1	6841
0	0	1	1	0	0	1	0	0	1	3329
0	1	1	0	1	1	0	0	0	0	7574
0	1	1	0	1	1	0	0	0	1	9009
0	0	0	0	0	1	1	0	1	0	6087
0	1	0	0	1	0	1	0	0	1	7480
0	0	0	0	0	0	0	0	0	1	4500
0	0	0	0	0	1	0	1	1	0	5803
0	0	1	0	0	1	1	0	1	0	6591
0	0	0	0	1	1	0	0	1	0	1467
0	0	1	1	0	1	1	0	1	1	1902
0	1	1	1	0	1	0	0	0	0	9783
0	1	0	0	0	0	1	0	1	1	9152
0	0	0	1	0	1	0	0	1	0	1328
0	0	1	0	1	0	0	0	1	1	6390
0	1	1	0	0	0	0	0	1	0	8915
0	0	1	1	1	0	0	0	0	1	4287
0	1	0	0	1	1	0	0	0	0	9865
0	0	0	0	0	1	0	0	1	0	1541
0	1	1	0	1	1	1	0	0	1	8022
0	0	1	0	1	1	0	0	1	1	4998
0	1	0	0	0	0	1	0	1	1	9307
0	0	0	0	0	1	0	0	0	1	5257
0	1	1	0	1	0	1	0	1	1	7515
0	0	0	0	0	1	0	0	1	1	3410
0	0	0	0	0	1	1	0	0	1	3506
0	0	0	0	1	1	1	0	0	0	73
0	1	0	0	0	1	0	0	1	0	8323
0	0	0	0	0	1	1	0	1	1	1797
0	1	1	0	1	1	1	0	0	1	8966
0	0	0	0	0	0	1	0	0	0	1893
0	0	1	1	1	1	0	0	0	1	4316
0	0	1	0	0	1	0	0	1	0	1183
0	0	1	0	0	1	1	1	1	0	5523
0	0	0	1	1	0	1	0	0	1	2025
0	1	1	1	0	0	1	0	1	0	9841
0	0	0	0	1	0	1	0	0	0	5032
0	0	0	0	1	1	1	0	1	1	4584
0	1	0	0	0	1	1	0	0	0	8606
0	0	1	0	0	1	1	1	1	0	2055
0	0	1	1	0	0	0	0	1	1	2281
0	0	0	0	0	0	0	1	0	1	3158
0	0	1	0	0	0	1	1	0	1	4626
0	0	0	0	0	0	0	0	1	1	1278
0	0	0	0	0	0	1	1	0	0	1669
0	0	0	0	0	1	1	1	1	0	1986
0	0	1	0	1	1	1	0	1	0	4541
0	1	0	0	0	1	1	0	0	1	8837
0	0	1	0	0	1	0	0	1	0	6082
0	0	1	0	1	1	1	0	0	1	1636
0	1	0	0	1	0	0	0	0	1	8023
0	1	1	0	0	1	1	0	0	0	9494
0	0	0	0	0	1	0	0	1	0	6070
0	1	1	0	1	0	1	0	0	0	7220
0	1	0	0	1	1	1	0	1	1	9720
0	0	0	1	0	1	1	0	1	0	3119
0	1	1	1	0	1	0	0	0	1	9999
0	1	0	0	0	1	1	0	0	0	7386
0	1	1	1	1	1	1	0	0	1	8906
0	1	1	1	0	1	1	1	0	0	7058
0	1	0	0	1	0	0	0	0	0	9433
0	1	1	0	0	1	0	0	1	1	8344
0	1	1	1	1	1	0	0	0	1	7840
0	1	0	0	1	1	1	0	1	1	7079
0	0	1	0	0	1	1	1	1	1	4894
0	0	1	0	0	1	0	1	1	1	3843
0	0	0	0	1	0	0	0	0	1	6355
0	0	0	0	0	0	0	1	0	1	5208
0	0	1	0	1	0	1	0	1	0	946
0	0	0	0	1	0	0	0	0	1	6622
0	1	1	1	1	1	1	0	0	0	9822
0	0	1	0	1	1	0	0	0	0	3322
0	1	0	1	0	1	0	0	1	1	8326
0	0	1	1	1	1	1	0	0	1	205
0	1	1	1	1	1	1	0	0	0	9785
0	0	1	1	1	1	0	0	0	0	5888
0	0	1	1	1	0	0	0	0	1	2931
0	1	0	0	1	0	1	1	1	0	8126
0	0	1	1	1	1	0	0	0	1	2961
0	0	1	0	1	0	1	0	0	1	172
0	0	1	0	0	0	0	0	0	0	138
0	0	1	1	1	1	1	0	1	1	2603
0	0	1	1	1	1	1	0	1	1	1986
0	0	1	1	1	0	0	0	1	1	6857
0	1	0	0	0	1	0	0	1	0	9732
0	0	1	0	1	1	0	0	1	0	258
0	0	1	0	0	0	0	1	1	1	3367
0	0	0	0	1	1	1	0	1	1	5458
0	1	0	0	1	0	0	0	1	1	9981
0	1	1	1	1	1	0	0	1	1	7681
0	0	1	1	0	0	1	0	0	0	5047
0	1	1	1	1	1	1	0	1	1	8826
0	0	1	0	1	1	1	0	0	1	433
0	0	1	1	1	0	0	0	1	0	1474
0	1	0	0	0	0	0	0	0	1	8908
0	0	1	0	0	0	1	0	1	0	1182
0	0	0	0	0	1	0	0	0	0	1293
0	1	0	0	0	1	0	0	1	1	9365
0	0	1	1	0	1	1	1	0	0	1962
0	0	1	0	1	0	1	0	1	1	339
0	0	0	0	1	0	1	0	0	1	6499
0	1	1	0	0	1	0	0	0	0	8573
0	0	0	0	0	0	1	0	1	0	1722
0	0	1	0	1	0	0	0	1	1	4884
0	0	1	1	1	1	1	0	1	1	1476
0	1	1	0	1	0	1	0	0	0	8303
0	0	0	0	1	0	1	0	1	0	6781
0	0	0	1	1	1	0	0	1	0	3806
0	0	0	0	0	1	0	0	0	0	5856
0	0	1	0	1	1	1	0	1	0	1458
0	0	1	0	1	0	1	1	1	0	6618
0	0	1	0	1	0	1	0	0	1	6589
0	0	0	0	0	0	1	0	0	1	50
0	0	1	0	0	1	1	1	1	1	2570
0	0	0	0	0	0	0	0	0	0	4030
0	0	1	0	1	1	1	0	0	1	2054
0	0	1	0	0	1	0	1	1	1	557
0	0	1	1	1	0	0	0	1	0	6177
0	1	1	0	1	1	1	0	0	0	8968
0	1	0	0	1	0	0	0	1	1	7381
0	1	0	0	1	0	1	0	0	1	8999
0	0	1	0	1	1	0	0	1	1	53
0	0	0	0	1	1	0	0	0	1	3763
0	0	1	1	1	0	0	0	0	0	5600
0	1	0	0	1	0	0	1	0	1	9985
0	1	1	1	1	1	0	0	1	0	7919
0	0	1	0	1	0	0	0	0	1	2455
0	0	1	1	0	1	0	0	0	1	4327
0	0	1	0	0	1	1	1	0	0	384
0	1	1	0	1	0	0	0	0	0	8913
0	0	1	0	1	0	0	0	0	1	25
0	0	1	1	0	0	0	0	1	0	4329
0	1	0	0	1	1	1	0	0	0	8715
0	0	1	0	0	1	1	0	1	0	6372
0	0	0	0	0	0	1	1	1	1	1205
0	0	1	1	0	1	1	0	1	0	6383
0	0	1	0	0	1	1	0	0	1	1744
0	1	1	0	0	0	0	0	0	0	7931
0	0	1	1	1	0	1	0	1	1	1559
0	0	0	0	0	1	0	0	0	0	5668
0	0	0	0	0	0	0	1	0	1	5736
0	0	1	0	1	0	0	0	0	1	6756
0	0	1	1	1	1	1	0	1	0	475
0	0	0	0	1	1	1	0	0	1	6763
0	1	0	0	0	1	1	0	1	1	7168
0	0	1	0	0	1	1	1	1	0	5667
0	1	0	0	1	0	0	0	1	1	9635
0	0	0	0	1	0	1	0	0	0	3607
0	0	1	1	0	1	1	0	0	0	5544
0	0	1	1	0	1	1	1	1	1	5590
0	1	0	1	1	0	1	0	0	1	9385
0	1	1	1	0	0	0	0	0	0	9166
0	0	0	0	1	1	1	0	0	0	1562
0	1	0	0	1	0	1	0	1	0	8080
0	0	1	0	1	0	0	0	1	0	1989
0	0	0	0	0	1	0	0	1	0	6268
0	0	0	0	1	1	1	0	1	1	3945
0	0	0	0	0	0	0	1	0	1	566
0	0	1	0	1	0	1	0	1	1	6557
0	0	1	0	0	1	1	1	1	1	4221
0	1	0	0	1	1	1	0	1	0	8367
0	0	1	1	1	1	0	0	0	0	5150
0	0	1	1	1	1	1	1	0	1	1491
0	0	1	0	0	0	1	0	0	1	6051
0	1	0	0	1	1	0	0	1	0	8272
0	0	0	0	1	1	0	0	0	1	2098
0	1	1	0	1	0	1	0	0	0	8733
0	0	1	1	1	1	1	0	1	0	2807
0	0	0	0	0	1	0	0	0	1	1301
0	1	0	0	0	0	1	1	0	0	9003
0	1	1	0	0	1	1	1	0	1	7336
0	1	0	0	1	1	1	0	0	1	8409
0	0	0	0	0	0	1	0	1	1	2765
0	1	0	0	1	1	0	0	1	1	7262
0	0	1	0	1	0	1	0	0	1	829
0	0	1	0	1	1	1	0	1	1	469
0	0	1	0	0	1	0	0	0	1	2474
0	0	1	1	1	1	1	0	0	1	380
0	0	0	0	1	0	0	0	1	0	1196
0	0	0	0	0	0	1	0	0	0	4483
0	0	0	0	1	0	1	0	0	0	2411
0	0	1	1	1	0	1	0	1	1	6533
0	0	0	0	0	0	0	1	1	0	5391
0	0	1	0	1	1	1	0	1	0	5459
0	0	0	0	1	1	0	0	1	1	2091
0	0	1	0	1	1	1	0	0	0	4334
0	0	0	0	1	0	1	0	0	1	1627
0	0	1	1	0	0	1	0	1	0	4643
0	1	1	0	1	0	1	0	1	0	7980
0	0	1	0	1	1	1	0	1	1	4461
0	0	1	0	0	1	0	0	0	0	6400
0	0	0	0	1	1	1	0	1	1	3849
0	0	0	0	0	1	0	0	1	0	3781
0	0	0	1	0	1	0	1	0	1	4689
0	0	1	1	1	0	1	0	0	0	1167
0	0	1	0	0	1	0	0	0	0	635
0	0	1	0	1	1	0	0	1	0	5964
0	0	1	1	1	1	0	0	1	1	4069
0	1	1	1	0	1	1	0	0	0	9092
0	0	1	0	0	1	1	0	1	1	3260
0	1	0	1	1	1	0	1	1	0	7647
0	1	0	0	0	0	0	0	0	0	7062
0	1	1	0	0	1	0	0	0	1	7906
0	0	0	1	1	1	1	0	0	1	497
0	0	0	0	1	1	0	0	0	1	5277
0	0	0	0	1	0	0	0	0	0	4791
0	0	0	0	1	1	0	0	1	0	1516
0	1	1	1	1	0	1	0	1	0	9220
0	0	1	0	1	1	1	0	0	1	5477
0	0	0	0	1	0	0	0	1	1	4338
0	0	1	1	0	0	1	0	0	0	4469
0	0	1	0	1	1	0	0	1	0	440
0	0	1	0	0	1	1	0	1	0	4605
0	0	0	0	0	0	0	1	1	0	2041
0	0	1	1	0	1	0	0	0	0	3273
0	0	0	0	1	0	1	0	1	1	5838
0	0	0	0	0	0	1	0	0	0	1465
0	1	1	0	0	1	1	1	0	0	7015
0	0	0	0	0	0	1	1	0	1	241
0	1	1	1	1	1	0	0	0	0	9603
0	1	0	0	0	0	1	0	0	0	9433
0	0	1	1	0	1	1	0	1	1	616
0	0	1	1	1	0	1	0	0	0	6115
0	0	1	1	0	1	0	0	0	1	6414
0	0	1	0	0	1	1	0	0	1	2578
0	1	1	0	1	1	0	0	1	0	7616
0	0	1	1	0	0	0	0	0	1	3751
0	0	1	1	1	1	1	0	0	0	4742
0	0	1	1	0	0	1	0	0	1	1697
0	0	1	1	1	1	0	0	1	1	3289
0	1	1	1	0	1	1	1	1	1	8408
0	0	0	0	0	0	1	0	0	1	1637
0	1	0	0	1	1	1	0	0	0	9343
0	0	1	0	1	0	0	0	0	1	166
0	0	0	0	0	1	0	0	0	1	6684
0	0	0	0	0	1	0	1	0	1	4617
0	0	1	0	0	0	0	1	0	0	3758
0	0	1	0	0	0	0	0	1	1	936
0	1	1	1	0	1	0	1	1	1	9436
0	1	0	0	1	1	1	0	0	1	9140
0	0	1	0	0	0	1	0	0	1	785
0	1	0	0	1	1	1	0	1	1	8461
0	1	1	1	0	0	1	1	1	1	8856
0	1	1	0	1	1	0	0	0	0	7629
0	0	1	0	1	0	1	0	1	1	2151
0	0	1	0	0	1	0	0	0	0	6376
0	0	1	0	1	0	0	0	0	1	6558
0	1	1	0	0	1	0	0	1	1	9104
0	1	0	0	1	0	1	0	1	0	9577
0	0	1	0	1	1	0	0	1	0	2532
0	0	1	0	1	0	1	0	0	0	6800
0	0	1	1	1	1	1	0	1	1	184
0	1	1	0	1	1	1	0	1	0	7111
0	1	1	0	0	1	0	0	1	1	8618
0	0	1	0	1	1	1	0	1	1	1000
0	0	0	0	1	1	0	0	1	1	6427
0	1	0	0	1	0	0	0	0	0	7758
0	0	1	0	0	1	1	1	0	1	6293
0	1	1	1	0	1	1	0	1	0	7814
0	1	1	0	1	1	1	0	0	0	9487
0	1	0	0	0	1	0	0	0	1	7040
0	1	0	0	0	0	1	0	0	0	7323
0	1	1	0	1	1	0	0	1	1	8026
0	0	1	1	0	1	0	0	0	1	740
0	1	1	1	0	1	0	0	1	1	9454
0	0	1	1	1	1	1	0	1	0	5134
0	0	1	1	1	0	1	0	0	1	4475
0	0	1	0	0	1	1	1	0	0	2607
0	0	1	1	1	0	0	0	1	0	1471
0	1	1	1	1	1	0	0	0	0	7929
0	0	1	1	0	1	0	0	0	1	6100
0	0	1	1	0	0	1	0	1	0	1795
0	1	1	0	1	1	1	0	0	1	9777
0	0	1	0	1	0	1	1	0	0	3098
0	0	1	1	0	1	0	1	0	1	4729
0	0	1	1	1	0	1	0	1	0	1376
0	0	0	0	0	0	0	0	1	0	998
0	0	0	0	0	0	0	1	0	0	869
0	1	0	0	1	0	1	0	0	0	9772
0	0	1	0	1	0	1	0	0	0	140
0	0	1	0	0	0	1	1	0	1	2948
0	1	0	0	1	1	1	0	1	0	8873
0	1	1	0	1	0	0	0	1	0	8015
0	1	1	0	1	1	0	0	0	0	7790
0	0	0	0	0	1	0	0	0	0	3236
0	1	0	0	1	1	0	0	0	0	8824
0	1	1	0	0	1	1	0	1	1	7127
0	0	1	0	0	0	0	1	1	1	5543
0	1	1	0	0	0	0	0	1	0	7833
0	0	0	0	0	1	0	0	0	1	775
0	0	1	0	1	1	0	0	1	1	1770
0	0	1	1	0	0	1	0	1	0	5192
0	0	0	0	0	1	1	1	1	1	266
0	1	1	1	0	0	0	0	0	0	7623
0	0	1	0	1	1	1	0	1	1	3155
0	1	1	0	0	1	0	0	1	0	9985
0	0	0	0	0	1	1	0	0	0	859
0	0	0	0	0	1	1	0	1	0	805
0	0	0	0	1	1	0	0	0	0	6136
0	0	1	1	1	0	0	0	0	1	6508
0	0	1	0	1	0	1	0	1	0	6809
0	1	0	0	1	0	0	0	1	0	7639
0	0	0	0	0	0	1	0	0	0	814
0	0	1	0	0	1	0	0	0	0	6686
0	0	0	0	0	1	1	0	0	1	6010
0	1	0	0	1	0	0	0	1	1	8818
0	0	0	0	1	1	0	0	0	0	5741
0	1	1	1	1	0	0	0	1	0	8083
0	0	0	0	1	1	0	1	1	1	6361
0	1	1	0	0	1	0	0	1	0	8332
0	0	0	0	0	1	1	1	1	0	1197
0	1	1	0	1	1	0	0	1	1	8782
0	0	1	1	1	0	1	0	0	0	4776
0	0	1	1	0	1	1	0	0	0	6808
0	0	0	0	1	1	1	0	1	1	4326
0	0	0	0	1	0	1	0	1	1	1472
0	0	1	1	1	0	0	0	1	0	5656
0	1	0	0	1	1	0	0	1	0	8970
0	0	1	0	0	1	1	1	1	1	2722
0	0	0	0	1	0	0	0	1	1	778
0	0	1	0	0	0	1	1	0	1	1501
0	0	0	0	1	1	0	0	1	0	735
0	0	1	1	1	1	0	0	1	1	6490
0	0	1	0	1	0	0	0	1	0	4397
0	1	1	1	1	1	1	0	0	1	9192
0	1	1	0	0	0	1	0	1	1	7465
0	0	0	0	1	1	1	0	1	1	6544
0	0	1	0	1	1	0	1	1	1	4834
0	0	1	1	0	0	0	0	0	0	4722
0	0	1	0	1	0	0	0	1	0	3956
0	0	1	0	1	1	1	0	1	1	3489
0	0	0	0	1	1	0	0	0	0	955
0	0	1	0	0	0	0	0	1	0	6767
0	0	0	1	0	0	1	1	0	0	5488
0	0	1	1	1	1	1	0	0	1	434
0	0	1	1	1	0	1	0	1	0	3778
0	1	0	0	0	1	0	1	0	0	7780
0	0	0	0	1	0	1	0	0	1	2262
0	0	0	0	0	1	1	1	1	1	945
0	0	0	0	0	0	1	1	0	1	627
0	1	0	0	1	0	0	0	1	0	8065
0	1	0	0	0	1	1	0	1	1	9283
0	0	1	1	0	0	0	0	0	1	4913
0	0	0	0	1	1	0	0	1	0	4288
0	1	0	0	0	0	0	1	1	0	9823
0	0	1	1	1	0	0	0	1	0	4441
0	0	0	0	0	1	0	0	0	1	5234
0	0	1	0	1	0	1	0	0	1	4000
0	0	1	1	1	0	0	0	0	0	2622
0	0	1	0	0	0	0	0	1	0	2752
0	1	1	1	1	1	0	0	0	0	7910
0	0	0	0	0	1	0	1	0	0	6583
0	0	0	0	1	1	1	0	1	0	2151
0	1	0	0	1	1	0	0	0	1	8540
0	0	0	0	1	0	0	0	1	0	1874
0	1	0	0	1	0	1	0	1	1	7500
0	0	1	0	0	1	0	1	0	0	5727
0	1	1	1	1	0	1	0	1	0	8960
0	1	1	0	1	0	0	0	1	1	7283
0	0	1	1	0	0	1	0	1	0	6339
0	1	1	0	1	1	1	0	0	0	8476
0	0	1	0	0	1	0	0	1	0	676
0	0	0	0	0	0	0	0	0	1	2895
0	0	1	1	0	1	0	0	1	1	2859
0	0	0	0	1	0	0	0	0	1	3626
0	0	0	0	0	1	1	1	1	1	146
0	0	1	1	0	1	0	0	1	0	4668
0	0	0	0	0	0	0	0	0	1	1681
